30020
62836
36164
23076
48875
26123
40130
64915
24202
42636
62175
36443
60109
16605
33406
8423
46485
23106
3374
11177
64735
26720
46787
8943
49474
56512
52676
40869
17608
247
18657
61768
22197
2686
64449
17027
54530
46282
51635
10149
49019
5715
37551
25561
64671
37500
24912
28893
31204
43726
38688
16939
43543
30183
49627
25426
59787
56919
10400
57110
62131
46948
28064
58548
4926
44466
16303
22537
4987
7793
41441
64297
60626
46318
54766
43484
16813
7377
15105
54351
40576
10983
11690
35774
35379
10092
4604
46250
20714
47050
36193
23618
53396
39557
42570
29807
51164
39765
2817
61837
46931
63260
25248
10431
5989
48063
61946
31705
56512
28558
28219
39620
13796
41596
58967
36846
24751
43450
51092
14399
2848
8272
9849
56618
6291
21833
22707
15231
57736
20065
13374
2369
12524
46316
53380
58063
52269
58944
48525
43484
15382
33172
20440
45514
43301
30474
54183
23206
55258
40711
25604
57648
58702
53806
24508
31875
9305
61782
23606
21539
2993
9841
19077
16633
16424
17169
49670
41961
30722
42030
64516
17160
57017
37954
41166
5530
14572
12807
44959
5362
55149
23175
21193
38744
19501
44395
38952
55485
15593
13020
48669
13557
58294
28340
63135
12136
9601
17893
18228
52777
20557
19653
5554
35095
52956
10186
16661
15032
33644
10331
37708
9917
12330
19706
20393
29485
55114
7040
32945
60417
24444
17764
777
50957
61792
50659
43265
30308
26660
53239
61010
41881
8397
53994
48417
52449
20788
32900
40850
61589
36705
49866
15185
24984
7282
8772
10710
37540
63807
13324
43019
3381
30552
14756
25952
13598
25691
26415
5343
8745
45324
2079
42380
6032
32327
31327
351
46044
18769
15673
26372
15667
56328
59246
22895
46201
5598
4087
25631
1808
21742
8835
45940
39421
36012
54355
37041
62367
5811
54324
63531
53656
15130
16530
47519
63768
56903
3576
19786
26267
54007
32384
59369
45509
62999
1058
29459
59519
32734
54510
12821
23561
14266
19682
50299
51646
26732
11768
23077
33256
21577
24555
45226
10108
22577
65265
29053
63052
5078
5833
54233
10323
36987
7942
49005
47185
4539
14843
52440
59058
42831
59863
21050
14153
47296
47970
35790
10654
11556
41916
62949
25687
59217
6814
7670
1227
35662
30048
50943
63680
45365
37979
59748
55134
11805
31972
15184
23123
10638
10675
58138
1734
38677
25291
17703
37265
64790
16680
35076
16777
25818
39230
10628
55151
59852
40662
20621
3049
47013
60559
48264
23259
52888
46555
51695
54969
39518
21493
64211
95
8852
57631
61307
59100
16824
476
25014
2186
8444
58872
63331
57904
996
35685
64362
48124
56319
16209
34263
60646
58550
40663
53174
30271
46560
5200
19575
57483
29533
10527
19616
43715
30003
27041
64365
19527
32763
64169
17966
51623
17953
4326
59310
39950
57538
62511
24382
15414
32752
5618
61746
64197
5998
33859
2307
2858
62292
60874
823
16802
10547
50860
51637
8999
56112
30618
65470
36171
25719
59119
9837
38408
18130
62474
1771
57191
8440
32646
24399
43488
63966
29617
53759
35259
49210
36774
10362
213
19290
57748
18677
65017
21832
18844
44366
42803
33443
47834
37152
990
25653
27678
30480
24410
36414
47408
37428
17740
6890
4370
17152
5485
46525
12691
22180
38515
15909
56493
28503
65242
5427
44392
47949
24120
50863
16370
27085
35885
17911
20498
39348
2414
54344
4581
30111
64955
38312
61322
63351
33180
11445
6920
12847
7711
37293
25238
52384
13902
63217
20210
34487
24468
31414
27550
41462
26165
50053
22539
64168
23452
26851
54090
40854
64417
15465
51657
3510
32411
34469
47717
41802
32263
2054
50688
54691
31532
52600
59045
40332
20646
33841
8714
831
64382
7429
53857
49940
46202
65345
8428
29519
59629
23138
37711
6241
51734
65164
42934
39728
35996
33367
16599
31663
7695
62200
27074
29808
48607
16136
24204
39212
8464
30052
60059
1481
19870
40527
62431
9338
19138
50711
23449
19225
57361
64427
26151
18881
36136
54144
19344
2382
28794
3492
56947
34781
11274
32238
55072
3689
52408
19428
230
3187
669
9997
34924
30988
28892
36992
65406
14841
49024
56653
23905
58924
19745
60466
40576
14072
42416
40067
31686
52965
10983
8818
38139
17681
61222
11881
62141
62338
38800
10152
53267
9618
1055
11983
35191
27715
30315
18692
33801
167
22619
39065
821
56168
40191
23196
41511
7014
58823
2530
28899
18310
10094
26078
16145
10319
60007
40679
8427
22593
33981
55168
45352
9472
50535
56453
32254
2783
38185
6524
45798
34605
36277
42101
46583
30544
38649
55995
41333
61977
17032
38542
21024
59815
2137
892
1004
52531
17580
37816
626
26402
5934
31395
58337
56195
7562
20574
48534
45352
45570
28026
9287
25356
30509
1408
65485
64501
53100
49287
61382
35412
36562
22714
25336
55761
2958
44426
35846
20921
22963
34013
618
20230
19859
22475
23443
62780
2593
42485
7491
40430
49488
19770
40027
37610
41245
52434
12917
7648
4963
32794
31973
43287
48905
10097
25016
23237
34931
16944
30415
24324
62485
7391
13577
52888
14972
12207
31007
37294
26508
46190
5759
49455
33087
50524
20865
19933
52000
346
40593
15868
19771
37545
61317
47021
13785
38195
38672
39591
1746
38326
37217
24364
45133
11431
1910
48315
21884
21630
42466
43212
62004
58251
57175
10179
3373
45982
13178
16305
3985
15926
56322
57471
25157
24700
57515
32561
39418
16271
5800
23852
28343
57791
20017
24583
2233
37983
16539
3573
1355
1626
20393
48384
4302
38349
62322
33796
51727
30871
45978
45623
62479
34319
41776
57557
35175
45035
47143
28960
46317
62395
45233
704
53590
22917
64961
8946
35481
41285
54007
54995
58085
38097
50595
23094
59291
42886
36397
21370
11214
3697
36350
9098
58112
52078
46950
57994
39615
6488
43523
64728
56002
10287
5238
27825
19177
25358
18511
55706
46103
24711
65394
52057
13747
50517
30289
57831
13482
33531
38310
8579
54192
1185
5045
51550
36366
44573
25114
32563
55366
38
21750
29228
23258
19263
41965
15961
32152
62829
26766
4041
64321
26398
18729
47976
10405
65209
3707
9248
29980
18807
30418
26370
34740
57508
30205
33093
47535
60797
65351
45402
44910
37045
33234
61673
31143
26294
30796
64329
9554
39926
42833
16942
32276
36522
47687
35884
14425
47530
63774
17807
54118
37225
29324
34560
33525
